(bubble)cmp_cnt:  49995000
(bubble)swap_cnt: 24912680
(heap)cmp_cnt:  231888
(heap)swap_cnt: 124176
(quick)cmp_cnt:  172856
(quick)swap_cnt: 38168
(insert)cmp_cnt:  24800656
(insert)swap_cnt: 24790669
(merge)cmp_cnt:  120429
(merge)swap_cnt: 133616
(shell)cmp_cnt:  1244534
(shell)swap_cnt: 1174762
line 1   :3 4 5 5 7 8 10 18 21 23 
line 2   :39 52 53 54 54 54 61 61 66 79 
line 3   :88 88 105 111 113 117 117 121 125 125 
line 4   :130 132 134 140 145 147 148 149 152 162 
line 5   :175 178 180 185 186 187 192 198 209 212 
line 6   :213 218 219 221 224 228 229 234 235 235 
line 7   :236 238 238 243 245 247 247 249 249 250 
line 8   :251 257 260 261 261 276 277 286 286 291 
line 9   :291 293 296 296 297 304 307 309 309 318 
line 10  :320 330 331 338 338 340 344 346 346 350 
line 11  :356 357 358 359 360 363 375 375 378 387 
line 12  :387 391 392 395 406 407 409 415 422 426 
line 13  :427 431 432 436 441 444 445 449 452 455 
line 14  :459 476 480 482 486 489 494 495 496 497 
line 15  :498 502 502 503 507 514 525 526 527 529 
line 16  :530 531 535 535 547 552 556 556 558 572 
line 17  :576 581 581 585 586 586 589 594 594 597 
line 18  :605 613 615 620 621 624 626 626 629 636 
line 19  :636 636 640 641 645 649 653 654 656 658 
line 20  :659 661 674 679 680 687 691 702 703 705 
line 21  :710 713 716 721 734 737 751 753 761 763 
line 22  :767 767 769 770 775 777 782 793 800 802 
line 23  :805 807 807 812 816 817 818 823 828 828 
line 24  :835 836 846 858 860 863 865 869 876 885 
line 25  :892 894 894 898 898 899 899 899 903 904 
line 26  :906 909 914 914 914 915 916 920 925 925 
line 27  :926 926 927 929 931 937 938 943 946 947 
line 28  :951 952 954 954 961 977 982 990 992 994 
line 29  :994 997 1003 1006 1010 1017 1018 1022 1027 1030 
line 30  :1033 1034 1044 1049 1054 1055 1055 1057 1057 1065 
line 31  :1071 1072 1074 1074 1078 1081 1081 1082 1083 1083 
line 32  :1086 1099 1099 1100 1101 1101 1101 1102 1103 1112 
line 33  :1117 1121 1123 1131 1144 1147 1148 1150 1152 1152 
line 34  :1153 1155 1158 1159 1163 1164 1168 1168 1173 1173 
line 35  :1176 1180 1180 1181 1184 1192 1199 1203 1205 1209 
line 36  :1212 1214 1215 1218 1224 1232 1232 1234 1236 1239 
line 37  :1242 1244 1246 1254 1268 1268 1269 1270 1271 1272 
line 38  :1273 1277 1301 1305 1310 1316 1317 1318 1320 1325 
line 39  :1326 1326 1327 1327 1329 1335 1338 1341 1345 1346 
line 40  :1349 1351 1356 1358 1358 1363 1364 1365 1367 1372 
line 41  :1373 1374 1378 1379 1379 1382 1385 1385 1386 1393 
line 42  :1397 1404 1409 1410 1418 1424 1424 1428 1428 1431 
line 43  :1433 1436 1440 1441 1442 1443 1443 1451 1453 1454 
line 44  :1459 1459 1463 1464 1469 1469 1472 1474 1476 1483 
line 45  :1484 1484 1487 1490 1492 1494 1495 1498 1499 1503 
line 46  :1508 1510 1510 1513 1515 1515 1516 1522 1523 1529 
line 47  :1530 1531 1534 1542 1543 1551 1551 1559 1562 1566 
line 48  :1577 1592 1595 1596 1596 1597 1598 1599 1599 1599 
line 49  :1600 1607 1608 1612 1613 1616 1617 1622 1623 1626 
line 50  :1631 1632 1643 1643 1644 1652 1655 1660 1662 1663 
line 51  :1667 1673 1680 1681 1682 1688 1691 1692 1696 1713 
line 52  :1717 1723 1728 1729 1730 1734 1736 1739 1742 1743 
line 53  :1746 1748 1748 1753 1756 1767 1768 1774 1777 1779 
line 54  :1779 1781 1785 1790 1796 1798 1801 1801 1802 1804 
line 55  :1806 1806 1807 1808 1816 1819 1820 1824 1828 1831 
line 56  :1838 1842 1842 1842 1843 1843 1846 1846 1849 1856 
line 57  :1858 1860 1862 1864 1864 1868 1874 1874 1875 1881 
line 58  :1882 1888 1889 1889 1891 1893 1896 1897 1900 1904 
line 59  :1910 1920 1925 1927 1930 1934 1935 1940 1952 1959 
line 60  :1974 1976 1981 1982 1988 1988 1991 1992 1996 1999 
line 61  :2000 2002 2012 2012 2014 2015 2016 2018 2021 2022 
line 62  :2023 2023 2025 2025 2032 2040 2041 2043 2044 2045 
line 63  :2046 2047 2052 2060 2060 2061 2062 2086 2087 2088 
line 64  :2091 2094 2095 2095 2097 2099 2108 2111 2111 2112 
line 65  :2116 2117 2122 2122 2128 2132 2136 2137 2138 2141 
line 66  :2143 2147 2149 2154 2162 2167 2167 2169 2174 2178 
line 67  :2182 2192 2196 2200 2205 2208 2213 2216 2222 2225 
line 68  :2226 2231 2236 2239 2244 2253 2255 2256 2265 2275 
line 69  :2276 2281 2282 2283 2289 2289 2290 2296 2304 2311 
line 70  :2315 2317 2320 2321 2328 2331 2333 2338 2342 2345 
line 71  :2345 2348 2353 2357 2362 2368 2373 2383 2388 2389 
line 72  :2391 2402 2408 2409 2413 2413 2419 2421 2423 2423 
line 73  :2426 2430 2430 2432 2433 2438 2440 2441 2443 2445 
line 74  :2446 2449 2468 2469 2471 2481 2482 2483 2485 2489 
line 75  :2495 2496 2498 2499 2503 2505 2513 2515 2515 2522 
line 76  :2522 2526 2538 2539 2541 2542 2546 2546 2553 2556 
line 77  :2564 2564 2565 2569 2572 2577 2579 2580 2582 2585 
line 78  :2589 2598 2603 2609 2612 2612 2621 2624 2626 2634 
line 79  :2636 2643 2644 2644 2645 2654 2656 2658 2661 2662 
line 80  :2669 2669 2669 2671 2675 2675 2675 2676 2676 2682 
line 81  :2686 2699 2702 2703 2706 2708 2709 2713 2715 2715 
line 82  :2717 2718 2726 2731 2732 2733 2734 2735 2738 2739 
line 83  :2744 2745 2745 2749 2753 2754 2755 2758 2760 2764 
line 84  :2766 2769 2770 2772 2787 2796 2798 2804 2804 2809 
line 85  :2810 2810 2814 2815 2819 2823 2823 2828 2830 2839 
line 86  :2846 2850 2861 2863 2864 2877 2878 2881 2885 2888 
line 87  :2895 2901 2903 2906 2909 2909 2919 2921 2923 2925 
line 88  :2925 2934 2936 2941 2942 2942 2944 2948 2956 2957 
line 89  :2961 2963 2966 2969 2970 2970 2977 2985 2986 2989 
line 90  :2995 2998 2999 3000 3000 3001 3003 3015 3020 3031 
line 91  :3033 3040 3040 3047 3048 3049 3053 3054 3057 3058 
line 92  :3062 3063 3069 3077 3077 3083 3083 3088 3097 3099 
line 93  :3101 3104 3107 3111 3118 3120 3122 3124 3126 3126 
line 94  :3127 3129 3132 3132 3132 3141 3141 3145 3151 3152 
line 95  :3152 3155 3155 3158 3161 3168 3168 3170 3172 3177 
line 96  :3181 3181 3183 3183 3183 3189 3195 3195 3197 3204 
line 97  :3205 3205 3206 3208 3210 3212 3216 3216 3217 3218 
line 98  :3219 3220 3221 3226 3228 3228 3230 3231 3231 3232 
line 99  :3236 3237 3239 3242 3258 3259 3260 3265 3268 3277 
line 100 :3284 3287 3288 3291 3300 3302 3304 3309 3311 3315 
line 101 :3318 3323 3323 3328 3329 3331 3332 3336 3337 3340 
line 102 :3347 3349 3357 3358 3360 3362 3374 3375 3382 3384 
line 103 :3390 3390 3391 3395 3397 3403 3404 3407 3408 3412 
line 104 :3415 3423 3428 3432 3446 3447 3448 3449 3454 3456 
line 105 :3461 3462 3470 3472 3472 3475 3485 3494 3495 3495 
line 106 :3498 3501 3502 3504 3506 3509 3515 3529 3532 3534 
line 107 :3534 3541 3546 3548 3549 3553 3553 3555 3562 3566 
line 108 :3567 3571 3572 3576 3581 3584 3585 3586 3590 3594 
line 109 :3599 3604 3605 3607 3608 3609 3612 3614 3615 3618 
line 110 :3620 3625 3627 3628 3630 3631 3631 3633 3634 3635 
line 111 :3652 3660 3662 3665 3667 3672 3673 3678 3679 3685 
line 112 :3685 3685 3689 3691 3696 3708 3710 3713 3714 3715 
line 113 :3719 3720 3721 3727 3732 3738 3741 3741 3746 3750 
line 114 :3753 3753 3756 3757 3760 3762 3763 3768 3770 3772 
line 115 :3777 3782 3783 3783 3787 3789 3791 3799 3802 3802 
line 116 :3803 3808 3810 3818 3833 3835 3836 3837 3841 3841 
line 117 :3846 3847 3855 3855 3856 3857 3859 3860 3862 3865 
line 118 :3871 3872 3872 3892 3892 3895 3899 3899 3900 3902 
line 119 :3903 3904 3905 3905 3908 3908 3914 3923 3926 3928 
line 120 :3929 3932 3933 3933 3934 3942 3942 3945 3946 3947 
line 121 :3949 3953 3954 3958 3961 3973 3973 3973 3974 3975 
line 122 :3981 3991 3993 3996 3998 3998 3998 4000 4001 4009 
line 123 :4013 4014 4015 4018 4020 4023 4025 4027 4029 4035 
line 124 :4038 4043 4049 4051 4057 4059 4061 4067 4073 4077 
line 125 :4083 4084 4086 4086 4091 4095 4095 4098 4099 4101 
line 126 :4102 4103 4104 4110 4111 4113 4114 4117 4117 4122 
line 127 :4123 4123 4130 4130 4148 4152 4154 4160 4161 4168 
line 128 :4168 4169 4178 4179 4181 4183 4185 4189 4191 4191 
line 129 :4200 4201 4202 4205 4214 4218 4223 4225 4225 4229 
line 130 :4229 4229 4233 4241 4243 4244 4245 4245 4247 4247 
line 131 :4250 4256 4263 4263 4270 4271 4271 4272 4274 4282 
line 132 :4285 4285 4294 4299 4301 4302 4304 4304 4304 4309 
line 133 :4309 4312 4312 4312 4318 4322 4324 4332 4332 4335 
line 134 :4336 4339 4350 4351 4361 4366 4366 4367 4368 4369 
line 135 :4372 4375 4377 4386 4387 4388 4393 4397 4399 4400 
line 136 :4402 4403 4408 4421 4422 4436 4440 4442 4445 4452 
line 137 :4458 4459 4464 4472 4474 4477 4477 4480 4482 4488 
line 138 :4489 4490 4491 4492 4492 4493 4494 4497 4499 4499 
line 139 :4502 4504 4505 4507 4510 4513 4517 4521 4522 4524 
line 140 :4524 4527 4528 4536 4540 4541 4562 4575 4580 4583 
line 141 :4583 4589 4589 4591 4593 4598 4602 4603 4605 4608 
line 142 :4611 4613 4613 4618 4621 4623 4634 4635 4638 4644 
line 143 :4645 4649 4650 4652 4655 4657 4673 4683 4686 4688 
line 144 :4691 4693 4695 4706 4710 4712 4713 4715 4715 4717 
line 145 :4722 4724 4727 4735 4736 4738 4746 4747 4749 4752 
line 146 :4754 4759 4760 4763 4764 4766 4766 4784 4789 4797 
line 147 :4798 4802 4808 4811 4812 4822 4831 4835 4837 4837 
line 148 :4837 4842 4843 4850 4851 4852 4855 4857 4862 4862 
line 149 :4866 4871 4871 4878 4879 4883 4886 4889 4892 4893 
line 150 :4893 4899 4902 4905 4908 4909 4911 4914 4914 4915 
line 151 :4919 4919 4922 4923 4924 4925 4928 4930 4943 4952 
line 152 :4954 4955 4964 4975 4978 4980 4980 4986 4997 4998 
line 153 :5001 5004 5005 5009 5010 5015 5015 5028 5029 5030 
line 154 :5033 5035 5036 5041 5045 5047 5047 5048 5049 5056 
line 155 :5068 5070 5076 5078 5084 5086 5091 5098 5098 5103 
line 156 :5105 5106 5108 5109 5111 5117 5128 5130 5140 5143 
line 157 :5144 5144 5146 5149 5149 5150 5151 5151 5155 5158 
line 158 :5158 5159 5167 5172 5178 5186 5188 5192 5192 5192 
line 159 :5193 5201 5205 5208 5208 5210 5216 5219 5225 5228 
line 160 :5230 5231 5236 5239 5240 5245 5258 5263 5264 5265 
line 161 :5270 5273 5281 5281 5283 5283 5285 5293 5295 5300 
line 162 :5302 5303 5312 5315 5315 5320 5323 5324 5326 5330 
line 163 :5330 5336 5339 5341 5342 5347 5347 5354 5356 5359 
line 164 :5361 5362 5364 5378 5381 5382 5384 5392 5392 5399 
line 165 :5401 5402 5405 5409 5413 5414 5417 5418 5421 5426 
line 166 :5428 5433 5436 5439 5439 5442 5444 5444 5446 5447 
line 167 :5449 5452 5454 5455 5458 5459 5461 5463 5465 5467 
line 168 :5469 5469 5474 5476 5477 5488 5495 5501 5508 5509 
line 169 :5515 5524 5528 5530 5530 5531 5536 5537 5538 5539 
line 170 :5540 5540 5543 5544 5548 5548 5554 5558 5566 5570 
line 171 :5571 5579 5583 5585 5585 5588 5593 5594 5594 5596 
line 172 :5600 5600 5603 5603 5604 5608 5611 5613 5616 5619 
line 173 :5632 5634 5637 5638 5639 5645 5646 5650 5651 5662 
line 174 :5663 5670 5677 5679 5683 5689 5690 5696 5697 5699 
line 175 :5702 5704 5708 5708 5712 5713 5715 5720 5720 5722 
line 176 :5723 5724 5731 5731 5733 5735 5747 5749 5754 5754 
line 177 :5755 5756 5759 5761 5766 5768 5768 5774 5777 5777 
line 178 :5777 5777 5778 5778 5782 5791 5793 5793 5794 5799 
line 179 :5800 5801 5802 5804 5812 5818 5823 5830 5831 5835 
line 180 :5840 5841 5841 5845 5846 5851 5852 5853 5854 5856 
line 181 :5858 5862 5867 5868 5871 5876 5878 5880 5880 5881 
line 182 :5882 5884 5887 5889 5890 5892 5893 5903 5905 5907 
line 183 :5907 5913 5913 5918 5920 5922 5922 5932 5940 5941 
line 184 :5946 5951 5952 5955 5956 5958 5964 5970 5982 5984 
line 185 :5994 5996 5997 6000 6000 6002 6004 6004 6013 6014 
line 186 :6016 6020 6031 6033 6033 6039 6039 6049 6051 6052 
line 187 :6056 6062 6063 6064 6068 6069 6070 6071 6075 6080 
line 188 :6082 6088 6088 6089 6091 6092 6098 6100 6101 6101 
line 189 :6107 6108 6109 6109 6113 6113 6122 6123 6124 6126 
line 190 :6127 6129 6130 6135 6136 6146 6148 6148 6149 6154 
line 191 :6160 6166 6171 6173 6175 6176 6185 6190 6193 6194 
line 192 :6199 6200 6216 6216 6225 6229 6232 6234 6243 6244 
line 193 :6246 6246 6246 6251 6260 6265 6272 6276 6277 6280 
line 194 :6282 6283 6284 6285 6290 6291 6291 6295 6296 6298 
line 195 :6310 6310 6319 6319 6319 6320 6330 6332 6333 6336 
line 196 :6339 6345 6349 6353 6355 6365 6367 6367 6375 6376 
line 197 :6379 6381 6387 6389 6389 6394 6396 6398 6398 6400 
line 198 :6409 6413 6414 6422 6423 6426 6428 6431 6431 6433 
line 199 :6436 6437 6443 6450 6451 6464 6465 6467 6471 6473 
line 200 :6479 6488 6489 6493 6497 6504 6511 6515 6523 6534 
line 201 :6534 6536 6537 6539 6539 6542 6546 6549 6552 6562 
line 202 :6566 6568 6575 6576 6580 6582 6590 6595 6601 6604 
line 203 :6614 6620 6621 6623 6625 6627 6629 6629 6635 6639 
line 204 :6639 6646 6655 6656 6658 6660 6663 6663 6670 6678 
line 205 :6698 6698 6700 6701 6704 6707 6709 6712 6714 6715 
line 206 :6716 6717 6728 6733 6735 6736 6739 6744 6745 6748 
line 207 :6751 6753 6754 6760 6762 6764 6766 6768 6771 6772 
line 208 :6773 6779 6781 6783 6783 6785 6786 6788 6791 6797 
line 209 :6800 6804 6805 6808 6812 6814 6816 6817 6818 6818 
line 210 :6820 6823 6826 6834 6837 6839 6855 6855 6857 6859 
line 211 :6861 6863 6863 6864 6864 6867 6867 6877 6877 6877 
line 212 :6878 6879 6879 6882 6883 6885 6885 6886 6892 6895 
line 213 :6900 6902 6906 6916 6916 6917 6926 6928 6930 6932 
line 214 :6938 6938 6943 6946 6948 6949 6953 6962 6971 6982 
line 215 :6983 6988 6993 6994 6997 6998 7011 7011 7016 7019 
line 216 :7023 7025 7028 7031 7032 7032 7033 7038 7039 7039 
line 217 :7040 7043 7044 7051 7058 7061 7061 7063 7063 7068 
line 218 :7071 7077 7078 7080 7081 7082 7082 7089 7090 7091 
line 219 :7093 7098 7099 7101 7104 7109 7110 7111 7113 7113 
line 220 :7115 7125 7127 7127 7137 7139 7140 7140 7144 7146 
line 221 :7153 7155 7158 7161 7164 7164 7169 7171 7174 7176 
line 222 :7177 7179 7180 7187 7189 7191 7198 7204 7207 7218 
line 223 :7218 7219 7221 7224 7227 7232 7232 7241 7251 7253 
line 224 :7257 7259 7262 7263 7271 7272 7279 7285 7285 7289 
line 225 :7289 7293 7297 7299 7301 7308 7311 7311 7318 7320 
line 226 :7322 7323 7328 7330 7331 7333 7334 7338 7341 7344 
line 227 :7346 7349 7349 7353 7356 7357 7357 7357 7359 7359 
line 228 :7360 7362 7371 7372 7374 7375 7379 7389 7395 7395 
line 229 :7397 7402 7402 7414 7418 7421 7423 7428 7429 7430 
line 230 :7432 7442 7445 7452 7466 7466 7469 7469 7474 7476 
line 231 :7479 7485 7485 7498 7498 7500 7501 7501 7503 7509 
line 232 :7509 7515 7523 7529 7529 7531 7532 7533 7534 7540 
line 233 :7541 7543 7549 7552 7552 7555 7561 7563 7568 7579 
line 234 :7579 7583 7585 7596 7599 7600 7601 7603 7607 7611 
line 235 :7612 7615 7616 7617 7617 7621 7621 7627 7629 7638 
line 236 :7639 7642 7653 7653 7654 7655 7662 7667 7668 7674 
line 237 :7677 7685 7687 7696 7697 7703 7709 7711 7712 7713 
line 238 :7714 7721 7728 7729 7734 7735 7745 7747 7748 7749 
line 239 :7750 7752 7755 7768 7770 7783 7784 7786 7792 7793 
line 240 :7802 7810 7811 7812 7815 7820 7821 7822 7823 7827 
line 241 :7828 7829 7837 7839 7843 7852 7861 7864 7865 7866 
line 242 :7868 7874 7875 7882 7885 7892 7892 7893 7894 7896 
line 243 :7897 7899 7903 7908 7913 7916 7917 7920 7921 7921 
line 244 :7922 7925 7929 7930 7939 7945 7955 7956 7956 7961 
line 245 :7965 7965 7974 7975 7976 7976 7980 7982 7983 7984 
line 246 :7991 7996 8002 8004 8006 8012 8017 8019 8021 8030 
line 247 :8039 8040 8040 8044 8051 8052 8056 8059 8062 8070 
line 248 :8076 8082 8088 8093 8097 8097 8097 8105 8110 8118 
line 249 :8127 8132 8133 8135 8139 8141 8143 8145 8150 8150 
line 250 :8151 8151 8156 8159 8161 8163 8167 8172 8173 8174 
line 251 :8175 8178 8180 8180 8182 8197 8207 8209 8214 8219 
line 252 :8226 8227 8228 8233 8245 8252 8253 8261 8264 8264 
line 253 :8267 8271 8273 8276 8280 8284 8296 8297 8297 8298 
line 254 :8298 8301 8305 8306 8307 8314 8322 8322 8324 8335 
line 255 :8348 8351 8353 8354 8356 8360 8360 8361 8362 8363 
line 256 :8364 8371 8373 8374 8375 8377 8378 8378 8381 8381 
line 257 :8386 8391 8394 8405 8412 8420 8420 8422 8427 8428 
line 258 :8432 8438 8455 8460 8462 8463 8465 8474 8476 8476 
line 259 :8477 8479 8497 8503 8503 8503 8504 8506 8508 8521 
line 260 :8521 8524 8525 8528 8533 8534 8537 8540 8540 8544 
line 261 :8545 8550 8552 8552 8562 8568 8571 8572 8575 8576 
line 262 :8580 8582 8585 8585 8586 8590 8593 8597 8609 8613 
line 263 :8615 8621 8626 8627 8631 8633 8634 8637 8637 8638 
line 264 :8639 8645 8650 8654 8661 8662 8666 8666 8676 8679 
line 265 :8685 8686 8686 8697 8700 8700 8700 8701 8702 8706 
line 266 :8709 8709 8710 8711 8715 8716 8718 8723 8723 8723 
line 267 :8725 8726 8740 8743 8745 8745 8746 8747 8749 8750 
line 268 :8754 8755 8755 8757 8762 8763 8763 8764 8770 8784 
line 269 :8787 8791 8792 8794 8795 8795 8800 8801 8801 8805 
line 270 :8808 8808 8818 8819 8821 8825 8826 8826 8827 8827 
line 271 :8831 8836 8837 8842 8842 8863 8865 8866 8867 8871 
line 272 :8872 8873 8876 8893 8893 8895 8900 8900 8906 8910 
line 273 :8914 8915 8917 8917 8928 8938 8940 8943 8948 8954 
line 274 :8956 8956 8967 8968 8968 8970 8970 8972 8974 8976 
line 275 :8977 8978 8979 8980 8982 8983 8985 8987 8988 8988 
line 276 :8989 8996 9010 9011 9012 9020 9022 9037 9037 9039 
line 277 :9042 9046 9055 9057 9060 9067 9071 9073 9074 9078 
line 278 :9081 9082 9088 9088 9090 9090 9091 9092 9097 9108 
line 279 :9113 9117 9134 9137 9139 9142 9147 9151 9152 9159 
line 280 :9160 9160 9165 9170 9177 9180 9188 9195 9197 9198 
line 281 :9201 9201 9201 9203 9203 9204 9206 9206 9210 9211 
line 282 :9213 9222 9226 9226 9226 9228 9231 9232 9235 9236 
line 283 :9238 9238 9238 9243 9245 9245 9246 9246 9253 9254 
line 284 :9259 9260 9261 9267 9276 9276 9279 9282 9282 9291 
line 285 :9291 9292 9294 9294 9295 9299 9303 9303 9308 9308 
line 286 :9310 9310 9310 9312 9313 9315 9315 9315 9317 9319 
line 287 :9331 9333 9336 9336 9337 9338 9341 9341 9344 9345 
line 288 :9345 9346 9351 9359 9360 9371 9372 9375 9377 9380 
line 289 :9383 9383 9385 9386 9399 9401 9408 9412 9414 9415 
line 290 :9418 9443 9444 9445 9451 9452 9452 9456 9464 9464 
line 291 :9468 9472 9474 9482 9482 9497 9505 9509 9513 9516 
line 292 :9516 9517 9517 9519 9527 9527 9530 9535 9546 9546 
line 293 :9548 9549 9556 9556 9560 9561 9580 9583 9584 9584 
line 294 :9587 9590 9591 9593 9594 9594 9596 9597 9603 9603 
line 295 :9604 9605 9608 9609 9618 9620 9621 9623 9626 9631 
line 296 :9639 9640 9643 9645 9651 9655 9656 9658 9661 9661 
line 297 :9664 9667 9668 9671 9680 9686 9687 9689 9689 9690 
line 298 :9698 9699 9702 9703 9708 9716 9722 9731 9732 9734 
line 299 :9735 9739 9751 9753 9753 9753 9756 9761 9762 9765 
line 300 :9766 9767 9768 9771 9784 9789 9791 9793 9794 9798 
line 301 :9800 9802 9807 9810 9812 9818 9828 9830 9831 9832 
line 302 :9839 9841 9843 9844 9846 9846 9847 9847 9850 9853 
line 303 :9856 9862 9863 9863 9866 9866 9870 9877 9880 9883 
line 304 :9883 9884 9887 9887 9890 9896 9898 9898 9901 9902 
line 305 :9903 9926 9927 9928 9930 9931 9933 9935 9936 9939 
line 306 :9942 9945 9950 9951 9951 9954 9956 9966 9967 9980 
line 307 :9981 9983 9984 9988 9991 9992 9996 9996 9997 9997 
line 308 :10004 10010 10017 10027 10027 10027 10032 10037 10037 10040 
line 309 :10041 10043 10044 10045 10051 10052 10054 10063 10065 10070 
line 310 :10071 10077 10079 10081 10083 10084 10087 10096 10100 10108 
line 311 :10108 10111 10135 10144 10145 10147 10152 10152 10159 10162 
line 312 :10162 10162 10167 10167 10168 10171 10174 10174 10174 10176 
line 313 :10177 10179 10181 10183 10187 10187 10193 10200 10201 10201 
line 314 :10203 10206 10208 10215 10216 10223 10229 10236 10237 10240 
line 315 :10244 10245 10246 10250 10250 10253 10254 10255 10257 10259 
line 316 :10259 10259 10259 10260 10267 10269 10269 10269 10273 10275 
line 317 :10279 10282 10282 10283 10285 10287 10288 10294 10297 10298 
line 318 :10298 10300 10300 10307 10308 10310 10311 10314 10315 10315 
line 319 :10319 10327 10330 10332 10336 10337 10341 10346 10355 10357 
line 320 :10359 10359 10361 10361 10361 10367 10371 10386 10393 10400 
line 321 :10400 10405 10414 10417 10417 10423 10424 10424 10427 10427 
line 322 :10428 10432 10436 10443 10449 10451 10451 10458 10461 10464 
line 323 :10464 10465 10477 10481 10481 10485 10488 10491 10491 10491 
line 324 :10492 10495 10497 10499 10501 10502 10503 10507 10512 10512 
line 325 :10515 10518 10519 10520 10523 10529 10529 10534 10535 10535 
line 326 :10538 10539 10550 10554 10560 10571 10573 10573 10573 10574 
line 327 :10577 10579 10580 10581 10593 10596 10599 10605 10607 10607 
line 328 :10614 10621 10629 10643 10656 10656 10657 10663 10664 10665 
line 329 :10666 10672 10675 10683 10685 10687 10691 10692 10692 10696 
line 330 :10700 10708 10711 10726 10728 10731 10733 10742 10742 10744 
line 331 :10745 10749 10750 10751 10751 10752 10753 10757 10759 10761 
line 332 :10762 10772 10774 10778 10784 10795 10798 10799 10813 10813 
line 333 :10818 10820 10821 10828 10829 10837 10838 10842 10852 10854 
line 334 :10855 10857 10864 10870 10870 10871 10874 10877 10880 10887 
line 335 :10888 10890 10894 10894 10899 10901 10906 10912 10919 10919 
line 336 :10920 10924 10927 10930 10930 10931 10934 10937 10937 10940 
line 337 :10941 10946 10951 10952 10953 10962 10963 10964 10965 10965 
line 338 :10967 10967 10971 10972 10972 10973 10977 10978 10979 10983 
line 339 :10984 10986 10992 10993 10995 10998 10998 11003 11004 11006 
line 340 :11010 11011 11015 11026 11027 11045 11047 11047 11051 11059 
line 341 :11060 11068 11068 11069 11078 11078 11081 11085 11092 11093 
line 342 :11095 11095 11098 11098 11108 11110 11110 11112 11115 11126 
line 343 :11131 11131 11133 11138 11139 11139 11144 11146 11147 11150 
line 344 :11162 11163 11166 11169 11169 11173 11178 11186 11188 11195 
line 345 :11200 11202 11203 11204 11208 11211 11221 11224 11227 11229 
line 346 :11230 11233 11241 11247 11254 11254 11255 11256 11257 11259 
line 347 :11259 11261 11263 11265 11268 11276 11278 11280 11283 11288 
line 348 :11289 11289 11294 11294 11296 11297 11299 11301 11303 11303 
line 349 :11314 11324 11327 11331 11336 11336 11337 11355 11361 11368 
line 350 :11369 11370 11373 11373 11377 11378 11379 11383 11384 11384 
line 351 :11386 11387 11390 11393 11393 11398 11402 11413 11413 11416 
line 352 :11419 11420 11420 11426 11426 11426 11434 11437 11443 11444 
line 353 :11445 11447 11453 11456 11459 11465 11466 11469 11470 11474 
line 354 :11479 11480 11486 11486 11490 11492 11496 11498 11504 11505 
line 355 :11505 11510 11512 11516 11519 11522 11523 11525 11526 11527 
line 356 :11533 11534 11534 11537 11552 11553 11555 11567 11571 11572 
line 357 :11575 11576 11587 11594 11601 11601 11615 11619 11623 11624 
line 358 :11625 11627 11629 11630 11639 11642 11644 11645 11649 11649 
line 359 :11651 11651 11654 11656 11661 11672 11674 11680 11693 11694 
line 360 :11703 11707 11707 11707 11709 11711 11712 11717 11723 11724 
line 361 :11724 11729 11740 11744 11755 11758 11762 11767 11768 11769 
line 362 :11771 11774 11777 11778 11779 11784 11793 11794 11798 11800 
line 363 :11802 11803 11804 11805 11810 11810 11811 11811 11823 11828 
line 364 :11834 11834 11834 11836 11843 11843 11847 11848 11853 11856 
line 365 :11856 11857 11862 11865 11867 11869 11874 11879 11887 11888 
line 366 :11890 11892 11893 11903 11909 11917 11922 11923 11927 11929 
line 367 :11929 11933 11933 11935 11937 11943 11954 11955 11955 11956 
line 368 :11962 11963 11970 11977 11978 11983 11983 11994 11996 11997 
line 369 :11997 11999 12002 12002 12010 12015 12016 12019 12019 12021 
line 370 :12022 12022 12023 12026 12030 12039 12039 12043 12046 12048 
line 371 :12055 12058 12066 12069 12071 12074 12077 12079 12093 12099 
line 372 :12110 12112 12114 12115 12116 12117 12119 12121 12123 12123 
line 373 :12125 12129 12130 12132 12135 12137 12142 12147 12150 12154 
line 374 :12161 12161 12166 12166 12167 12169 12174 12181 12188 12192 
line 375 :12198 12203 12206 12207 12215 12216 12216 12224 12225 12228 
line 376 :12229 12233 12233 12248 12256 12263 12267 12268 12272 12273 
line 377 :12276 12279 12282 12283 12285 12285 12285 12287 12290 12300 
line 378 :12300 12303 12304 12308 12317 12333 12338 12338 12338 12341 
line 379 :12341 12345 12348 12352 12357 12360 12364 12364 12369 12369 
line 380 :12374 12376 12378 12379 12380 12395 12397 12397 12409 12410 
line 381 :12417 12419 12419 12428 12446 12446 12447 12449 12450 12450 
line 382 :12451 12459 12460 12461 12462 12465 12467 12469 12473 12474 
line 383 :12479 12480 12480 12482 12485 12487 12487 12488 12492 12498 
line 384 :12500 12507 12509 12511 12513 12515 12517 12518 12523 12525 
line 385 :12526 12527 12527 12531 12534 12535 12536 12536 12537 12540 
line 386 :12543 12546 12555 12558 12558 12560 12565 12566 12567 12568 
line 387 :12571 12578 12579 12582 12591 12594 12594 12596 12600 12600 
line 388 :12606 12612 12612 12616 12619 12623 12624 12625 12629 12629 
line 389 :12630 12637 12640 12648 12651 12663 12675 12676 12679 12698 
line 390 :12698 12703 12704 12708 12709 12709 12713 12715 12721 12723 
line 391 :12726 12726 12726 12737 12738 12738 12743 12746 12753 12758 
line 392 :12759 12762 12772 12776 12779 12780 12785 12786 12789 12794 
line 393 :12795 12795 12802 12811 12812 12813 12814 12822 12828 12829 
line 394 :12830 12834 12835 12841 12842 12842 12844 12850 12856 12856 
line 395 :12862 12863 12865 12868 12880 12880 12884 12894 12894 12897 
line 396 :12899 12905 12908 12913 12916 12931 12931 12935 12941 12946 
line 397 :12948 12954 12954 12955 12972 12974 12975 12976 12977 12977 
line 398 :12980 12981 12982 12983 12985 12985 12988 12989 13003 13006 
line 399 :13013 13017 13018 13018 13018 13023 13025 13025 13027 13034 
line 400 :13048 13049 13055 13061 13063 13064 13066 13098 13100 13100 
line 401 :13113 13116 13136 13137 13140 13141 13142 13145 13159 13159 
line 402 :13160 13164 13164 13165 13166 13167 13178 13179 13181 13185 
line 403 :13190 13194 13197 13198 13198 13200 13200 13202 13215 13215 
line 404 :13218 13222 13222 13226 13229 13238 13240 13241 13243 13246 
line 405 :13253 13254 13255 13255 13255 13259 13260 13263 13278 13279 
line 406 :13283 13287 13293 13294 13295 13304 13304 13304 13306 13313 
line 407 :13319 13320 13320 13325 13327 13328 13335 13336 13336 13337 
line 408 :13344 13346 13349 13354 13357 13361 13366 13367 13370 13372 
line 409 :13374 13379 13381 13383 13384 13385 13387 13391 13393 13399 
line 410 :13405 13406 13407 13414 13415 13420 13434 13446 13447 13449 
line 411 :13450 13452 13452 13453 13458 13459 13459 13476 13479 13481 
line 412 :13483 13484 13486 13491 13493 13499 13499 13504 13512 13513 
line 413 :13514 13514 13516 13522 13522 13524 13524 13525 13543 13544 
line 414 :13549 13551 13555 13559 13559 13562 13564 13568 13578 13590 
line 415 :13593 13594 13597 13598 13604 13604 13612 13615 13615 13617 
line 416 :13620 13620 13621 13622 13626 13627 13630 13632 13632 13636 
line 417 :13638 13646 13659 13664 13667 13668 13670 13670 13673 13674 
line 418 :13674 13679 13679 13683 13687 13687 13691 13694 13705 13712 
line 419 :13717 13722 13723 13723 13733 13734 13734 13743 13744 13749 
line 420 :13751 13763 13766 13770 13771 13781 13783 13788 13793 13794 
line 421 :13800 13800 13804 13806 13817 13820 13823 13825 13831 13834 
line 422 :13845 13849 13850 13853 13854 13855 13858 13862 13864 13867 
line 423 :13868 13869 13871 13873 13883 13885 13895 13899 13899 13901 
line 424 :13908 13908 13908 13915 13916 13918 13922 13929 13930 13932 
line 425 :13933 13934 13935 13937 13939 13939 13939 13948 13954 13956 
line 426 :13959 13964 13964 13970 13970 13976 13977 13982 13982 13982 
line 427 :13983 13984 13988 13993 14008 14012 14015 14016 14016 14018 
line 428 :14020 14026 14039 14040 14041 14043 14052 14057 14062 14065 
line 429 :14068 14071 14074 14075 14080 14081 14082 14083 14088 14095 
line 430 :14108 14109 14110 14110 14111 14112 14115 14118 14126 14128 
line 431 :14133 14134 14143 14143 14144 14148 14151 14153 14156 14165 
line 432 :14165 14167 14170 14171 14171 14179 14182 14184 14188 14192 
line 433 :14198 14201 14212 14213 14221 14225 14229 14237 14238 14244 
line 434 :14246 14253 14255 14258 14260 14263 14263 14264 14266 14273 
line 435 :14275 14277 14278 14278 14287 14293 14294 14294 14295 14301 
line 436 :14302 14303 14304 14311 14322 14324 14324 14326 14340 14342 
line 437 :14343 14347 14348 14354 14356 14359 14364 14364 14371 14372 
line 438 :14378 14380 14390 14391 14391 14393 14395 14398 14401 14405 
line 439 :14410 14411 14413 14419 14423 14425 14426 14427 14427 14431 
line 440 :14431 14433 14435 14441 14441 14443 14444 14445 14449 14450 
line 441 :14452 14455 14460 14460 14462 14462 14466 14473 14477 14490 
line 442 :14490 14491 14494 14502 14504 14509 14510 14520 14531 14531 
line 443 :14540 14545 14549 14551 14552 14555 14556 14558 14567 14575 
line 444 :14575 14584 14585 14586 14592 14592 14599 14600 14602 14607 
line 445 :14608 14627 14635 14636 14637 14639 14640 14641 14642 14645 
line 446 :14649 14650 14652 14656 14657 14657 14665 14670 14685 14689 
line 447 :14692 14694 14695 14696 14702 14704 14706 14726 14730 14732 
line 448 :14733 14734 14743 14745 14752 14759 14759 14760 14764 14765 
line 449 :14767 14769 14771 14773 14775 14776 14777 14780 14785 14785 
line 450 :14790 14791 14791 14794 14797 14801 14803 14806 14811 14816 
line 451 :14817 14817 14819 14821 14829 14833 14836 14839 14840 14840 
line 452 :14844 14846 14861 14863 14863 14865 14873 14882 14887 14887 
line 453 :14890 14890 14893 14895 14897 14898 14899 14905 14908 14910 
line 454 :14919 14921 14925 14928 14937 14938 14941 14941 14944 14945 
line 455 :14949 14956 14962 14966 14972 14981 14981 14983 14987 14989 
line 456 :14991 14993 14995 15003 15005 15006 15006 15007 15008 15009 
line 457 :15010 15019 15019 15020 15020 15024 15028 15034 15041 15050 
line 458 :15055 15061 15063 15071 15079 15080 15081 15089 15092 15094 
line 459 :15102 15109 15112 15114 15127 15135 15135 15136 15137 15140 
line 460 :15141 15142 15144 15156 15166 15168 15172 15177 15183 15186 
line 461 :15186 15192 15192 15197 15197 15198 15199 15200 15201 15201 
line 462 :15203 15208 15209 15210 15219 15220 15222 15222 15223 15225 
line 463 :15228 15233 15236 15239 15242 15243 15249 15251 15254 15255 
line 464 :15263 15266 15278 15282 15287 15289 15289 15291 15292 15293 
line 465 :15300 15301 15305 15309 15312 15313 15314 15320 15320 15322 
line 466 :15324 15328 15328 15330 15335 15340 15348 15355 15358 15359 
line 467 :15367 15373 15377 15378 15388 15391 15409 15411 15415 15420 
line 468 :15421 15421 15423 15435 15439 15440 15442 15445 15448 15454 
line 469 :15456 15461 15463 15464 15475 15477 15477 15479 15487 15491 
line 470 :15492 15496 15496 15497 15498 15505 15511 15517 15517 15520 
line 471 :15520 15520 15522 15526 15531 15535 15537 15552 15554 15559 
line 472 :15562 15562 15563 15564 15565 15585 15586 15588 15591 15591 
line 473 :15592 15594 15597 15598 15601 15602 15609 15611 15614 15614 
line 474 :15622 15622 15624 15627 15628 15629 15631 15631 15638 15638 
line 475 :15638 15644 15656 15657 15659 15666 15669 15672 15672 15674 
line 476 :15675 15682 15683 15700 15700 15710 15713 15716 15717 15720 
line 477 :15722 15723 15731 15736 15737 15739 15741 15746 15749 15750 
line 478 :15760 15767 15768 15769 15772 15777 15789 15792 15792 15797 
line 479 :15798 15800 15802 15803 15804 15808 15808 15810 15814 15819 
line 480 :15819 15824 15824 15825 15826 15826 15827 15828 15836 15850 
line 481 :15851 15851 15859 15861 15862 15865 15866 15870 15871 15874 
line 482 :15875 15890 15892 15894 15899 15914 15915 15915 15919 15920 
line 483 :15921 15922 15923 15926 15938 15938 15946 15949 15958 15963 
line 484 :15967 15972 15973 15980 15980 15982 15987 15991 15991 16007 
line 485 :16009 16010 16012 16013 16015 16015 16019 16023 16023 16024 
line 486 :16026 16029 16030 16032 16033 16034 16041 16042 16043 16044 
line 487 :16061 16062 16062 16063 16063 16068 16072 16074 16074 16078 
line 488 :16083 16088 16096 16099 16103 16103 16110 16111 16113 16121 
line 489 :16121 16126 16127 16134 16135 16140 16140 16142 16146 16149 
line 490 :16156 16158 16164 16174 16175 16177 16178 16180 16181 16182 
line 491 :16183 16187 16187 16194 16198 16201 16206 16209 16215 16221 
line 492 :16227 16228 16231 16233 16233 16235 16235 16242 16242 16243 
line 493 :16247 16248 16262 16272 16274 16278 16279 16283 16285 16287 
line 494 :16287 16302 16303 16304 16305 16306 16307 16313 16328 16330 
line 495 :16332 16345 16352 16354 16354 16354 16358 16367 16367 16369 
line 496 :16370 16377 16380 16380 16381 16383 16384 16384 16389 16393 
line 497 :16393 16400 16403 16405 16406 16406 16409 16410 16412 16413 
line 498 :16417 16420 16421 16428 16432 16437 16440 16447 16449 16453 
line 499 :16456 16456 16460 16460 16460 16467 16468 16472 16476 16478 
line 500 :16481 16483 16483 16484 16486 16488 16488 16493 16500 16504 
line 501 :16504 16505 16513 16523 16536 16536 16538 16543 16545 16549 
line 502 :16559 16559 16559 16559 16562 16565 16566 16574 16580 16585 
line 503 :16592 16601 16604 16606 16607 16609 16613 16617 16619 16620 
line 504 :16623 16626 16635 16639 16639 16640 16661 16664 16666 16667 
line 505 :16669 16672 16673 16674 16683 16686 16689 16693 16693 16695 
line 506 :16699 16700 16708 16709 16716 16718 16726 16734 16735 16739 
line 507 :16741 16744 16745 16745 16746 16747 16750 16757 16757 16758 
line 508 :16761 16765 16767 16767 16773 16776 16797 16801 16801 16801 
line 509 :16806 16813 16818 16828 16829 16829 16836 16843 16846 16848 
line 510 :16854 16855 16858 16868 16873 16874 16875 16877 16879 16880 
line 511 :16881 16885 16886 16895 16895 16900 16902 16904 16910 16923 
line 512 :16923 16929 16937 16939 16945 16945 16947 16948 16950 16955 
line 513 :16956 16963 16968 16971 16976 16979 16980 16985 16992 16992 
line 514 :16998 16999 17004 17004 17013 17014 17014 17019 17019 17020 
line 515 :17027 17030 17039 17039 17039 17046 17048 17049 17055 17057 
line 516 :17060 17067 17067 17071 17071 17072 17081 17083 17084 17084 
line 517 :17085 17089 17089 17094 17094 17095 17099 17101 17103 17103 
line 518 :17114 17116 17117 17122 17122 17128 17131 17132 17138 17139 
line 519 :17141 17144 17145 17146 17147 17148 17149 17151 17153 17155 
line 520 :17161 17163 17169 17169 17170 17174 17177 17178 17178 17179 
line 521 :17179 17187 17187 17187 17192 17196 17198 17209 17212 17214 
line 522 :17214 17220 17223 17224 17225 17231 17233 17233 17234 17237 
line 523 :17246 17253 17254 17255 17258 17263 17264 17265 17267 17269 
line 524 :17272 17272 17274 17278 17279 17284 17289 17290 17290 17294 
line 525 :17301 17303 17303 17307 17311 17326 17329 17329 17341 17345 
line 526 :17348 17350 17351 17354 17359 17377 17377 17377 17381 17381 
line 527 :17382 17392 17393 17394 17394 17405 17413 17413 17424 17428 
line 528 :17429 17429 17431 17434 17436 17436 17438 17441 17444 17446 
line 529 :17453 17459 17476 17477 17482 17485 17486 17493 17498 17499 
line 530 :17500 17500 17500 17504 17524 17524 17533 17537 17539 17543 
line 531 :17548 17550 17551 17552 17554 17555 17555 17561 17564 17573 
line 532 :17575 17577 17578 17579 17584 17587 17588 17588 17589 17592 
line 533 :17593 17596 17596 17600 17604 17604 17605 17612 17616 17618 
line 534 :17618 17620 17623 17624 17625 17633 17637 17638 17640 17642 
line 535 :17642 17645 17646 17650 17652 17654 17655 17661 17663 17665 
line 536 :17677 17679 17681 17681 17689 17694 17696 17701 17703 17704 
line 537 :17705 17713 17714 17716 17717 17718 17718 17718 17721 17722 
line 538 :17724 17725 17732 17733 17742 17744 17747 17756 17765 17765 
line 539 :17768 17770 17773 17775 17777 17780 17783 17792 17795 17799 
line 540 :17800 17804 17807 17814 17815 17819 17820 17823 17824 17832 
line 541 :17850 17856 17857 17862 17866 17870 17872 17873 17874 17876 
line 542 :17878 17880 17884 17886 17895 17902 17904 17909 17914 17918 
line 543 :17923 17925 17931 17938 17938 17938 17940 17946 17948 17948 
line 544 :17952 17954 17955 17959 17960 17961 17966 17967 17968 17970 
line 545 :17976 17981 17986 17986 17990 18006 18007 18018 18021 18023 
line 546 :18025 18026 18027 18029 18038 18038 18042 18045 18046 18048 
line 547 :18050 18057 18060 18061 18065 18073 18076 18081 18087 18093 
line 548 :18099 18102 18104 18117 18117 18120 18120 18124 18127 18131 
line 549 :18135 18135 18137 18145 18146 18146 18147 18150 18153 18156 
line 550 :18164 18165 18167 18170 18171 18172 18175 18175 18176 18180 
line 551 :18182 18183 18185 18186 18191 18191 18194 18194 18196 18199 
line 552 :18200 18203 18204 18204 18206 18214 18218 18224 18232 18234 
line 553 :18239 18239 18240 18241 18244 18244 18246 18248 18249 18250 
line 554 :18254 18257 18258 18262 18267 18271 18272 18273 18275 18280 
line 555 :18284 18288 18288 18293 18304 18305 18317 18322 18322 18327 
line 556 :18340 18342 18343 18351 18353 18355 18355 18358 18358 18359 
line 557 :18360 18365 18367 18368 18370 18384 18387 18389 18390 18390 
line 558 :18392 18403 18407 18421 18421 18422 18424 18432 18432 18436 
line 559 :18440 18444 18444 18447 18449 18450 18453 18454 18455 18459 
line 560 :18462 18463 18469 18470 18472 18473 18475 18477 18482 18485 
line 561 :18485 18486 18488 18492 18495 18501 18509 18510 18513 18513 
line 562 :18516 18518 18518 18528 18529 18532 18533 18544 18544 18555 
line 563 :18556 18556 18567 18570 18570 18572 18581 18593 18599 18602 
line 564 :18602 18615 18615 18621 18622 18625 18626 18630 18631 18640 
line 565 :18640 18647 18650 18650 18654 18655 18658 18658 18659 18660 
line 566 :18661 18663 18666 18671 18672 18678 18679 18679 18683 18689 
line 567 :18689 18694 18698 18700 18704 18706 18708 18721 18723 18724 
line 568 :18725 18727 18728 18729 18729 18735 18736 18737 18737 18738 
line 569 :18740 18742 18748 18748 18750 18750 18751 18754 18756 18756 
line 570 :18757 18760 18773 18778 18785 18786 18794 18797 18798 18802 
line 571 :18803 18805 18812 18813 18818 18821 18840 18848 18849 18854 
line 572 :18856 18856 18862 18866 18867 18870 18881 18888 18889 18896 
line 573 :18898 18907 18910 18913 18913 18916 18916 18916 18916 18919 
line 574 :18919 18922 18923 18924 18929 18929 18933 18934 18935 18935 
line 575 :18937 18939 18940 18940 18942 18942 18942 18943 18945 18947 
line 576 :18949 18951 18953 18954 18954 18963 18974 18975 18976 18982 
line 577 :18991 18997 18999 19006 19007 19007 19015 19019 19020 19023 
line 578 :19024 19026 19029 19030 19036 19038 19041 19043 19047 19048 
line 579 :19056 19059 19059 19060 19061 19066 19066 19081 19083 19085 
line 580 :19086 19094 19102 19103 19103 19103 19106 19109 19110 19114 
line 581 :19115 19120 19120 19120 19121 19123 19127 19127 19128 19130 
line 582 :19137 19144 19144 19160 19173 19178 19179 19180 19183 19191 
line 583 :19191 19192 19194 19206 19206 19208 19210 19222 19224 19230 
line 584 :19236 19237 19237 19239 19244 19245 19249 19250 19251 19251 
line 585 :19254 19264 19269 19270 19271 19280 19280 19281 19281 19283 
line 586 :19285 19286 19287 19292 19307 19308 19313 19315 19316 19323 
line 587 :19324 19325 19326 19326 19326 19327 19332 19333 19334 19344 
line 588 :19348 19348 19350 19350 19351 19352 19357 19358 19359 19362 
line 589 :19363 19364 19369 19375 19376 19379 19381 19381 19384 19391 
line 590 :19393 19396 19396 19402 19406 19410 19411 19421 19423 19424 
line 591 :19429 19435 19441 19441 19443 19448 19448 19449 19451 19455 
line 592 :19458 19460 19461 19465 19467 19467 19469 19473 19473 19474 
line 593 :19476 19480 19484 19485 19488 19488 19488 19489 19490 19490 
line 594 :19502 19502 19511 19513 19515 19520 19521 19527 19527 19536 
line 595 :19553 19556 19558 19569 19570 19571 19572 19574 19575 19583 
line 596 :19590 19590 19591 19592 19598 19606 19607 19607 19607 19609 
line 597 :19613 19614 19620 19621 19624 19627 19629 19630 19631 19631 
line 598 :19634 19636 19637 19638 19639 19641 19645 19646 19656 19662 
line 599 :19662 19667 19668 19668 19677 19691 19697 19699 19700 19701 
line 600 :19702 19707 19710 19711 19715 19721 19724 19728 19732 19737 
line 601 :19738 19740 19742 19744 19750 19754 19756 19757 19765 19766 
line 602 :19766 19772 19772 19778 19781 19784 19785 19794 19798 19801 
line 603 :19802 19803 19806 19810 19811 19814 19817 19820 19820 19822 
line 604 :19823 19824 19825 19834 19844 19846 19846 19849 19855 19857 
line 605 :19859 19861 19863 19865 19865 19867 19867 19876 19882 19884 
line 606 :19886 19889 19889 19890 19897 19903 19904 19905 19913 19925 
line 607 :19926 19929 19931 19933 19939 19940 19941 19942 19943 19945 
line 608 :19947 19948 19949 19950 19953 19953 19958 19958 19962 19963 
line 609 :19970 19989 19990 19991 19992 19995 19995 20001 20017 20022 
line 610 :20029 20031 20032 20033 20039 20043 20051 20051 20052 20060 
line 611 :20066 20073 20074 20080 20082 20083 20085 20085 20090 20097 
line 612 :20099 20100 20106 20106 20107 20109 20114 20114 20118 20123 
line 613 :20124 20126 20128 20144 20146 20152 20154 20158 20159 20159 
line 614 :20160 20160 20164 20165 20165 20168 20178 20181 20186 20190 
line 615 :20191 20195 20198 20198 20217 20220 20231 20234 20235 20239 
line 616 :20240 20241 20242 20248 20248 20250 20250 20254 20258 20265 
line 617 :20266 20270 20276 20277 20278 20283 20290 20291 20292 20293 
line 618 :20295 20297 20300 20300 20302 20304 20306 20310 20311 20315 
line 619 :20317 20318 20320 20320 20323 20327 20329 20330 20335 20345 
line 620 :20354 20368 20368 20368 20370 20373 20375 20376 20380 20386 
line 621 :20397 20398 20398 20403 20404 20409 20415 20418 20425 20425 
line 622 :20431 20431 20432 20433 20433 20438 20444 20445 20448 20451 
line 623 :20453 20456 20460 20465 20465 20466 20468 20471 20474 20476 
line 624 :20481 20492 20493 20500 20500 20504 20505 20509 20511 20523 
line 625 :20526 20534 20548 20552 20559 20560 20561 20568 20568 20570 
line 626 :20571 20571 20574 20581 20583 20587 20594 20594 20595 20597 
line 627 :20599 20601 20601 20601 20602 20608 20610 20610 20611 20616 
line 628 :20620 20620 20631 20632 20632 20635 20641 20643 20645 20646 
line 629 :20649 20652 20654 20660 20665 20670 20670 20675 20675 20680 
line 630 :20681 20683 20688 20688 20691 20692 20693 20697 20701 20701 
line 631 :20701 20706 20719 20721 20725 20727 20732 20733 20737 20739 
line 632 :20744 20747 20749 20754 20754 20768 20778 20779 20785 20785 
line 633 :20785 20787 20788 20791 20792 20793 20794 20794 20798 20798 
line 634 :20801 20811 20813 20814 20814 20819 20822 20826 20832 20834 
line 635 :20836 20839 20841 20842 20853 20854 20858 20859 20866 20866 
line 636 :20867 20872 20872 20878 20888 20892 20893 20905 20907 20910 
line 637 :20911 20914 20914 20917 20931 20933 20936 20936 20937 20938 
line 638 :20939 20940 20941 20945 20950 20955 20960 20962 20966 20974 
line 639 :20975 20975 20983 20987 20990 20990 20991 20992 20992 20993 
line 640 :20993 21016 21026 21028 21032 21032 21034 21037 21061 21062 
line 641 :21063 21063 21069 21074 21074 21077 21085 21087 21089 21093 
line 642 :21093 21094 21096 21099 21105 21105 21106 21107 21111 21119 
line 643 :21120 21123 21126 21131 21141 21142 21143 21153 21158 21159 
line 644 :21165 21172 21173 21175 21184 21193 21194 21198 21199 21200 
line 645 :21200 21201 21202 21211 21214 21223 21224 21225 21226 21227 
line 646 :21234 21238 21238 21242 21248 21249 21250 21253 21255 21268 
line 647 :21268 21273 21273 21285 21287 21291 21293 21300 21302 21306 
line 648 :21308 21308 21315 21320 21322 21323 21328 21329 21330 21336 
line 649 :21337 21339 21340 21347 21352 21353 21353 21354 21355 21361 
line 650 :21362 21373 21374 21376 21379 21383 21389 21391 21392 21401 
line 651 :21402 21404 21408 21410 21411 21411 21416 21419 21426 21427 
line 652 :21428 21432 21432 21436 21436 21437 21439 21440 21442 21447 
line 653 :21449 21456 21459 21466 21480 21480 21481 21482 21483 21487 
line 654 :21487 21489 21495 21501 21502 21503 21504 21504 21505 21512 
line 655 :21513 21518 21520 21522 21523 21529 21541 21544 21546 21547 
line 656 :21555 21557 21561 21567 21573 21575 21580 21584 21588 21589 
line 657 :21590 21593 21598 21598 21599 21604 21608 21608 21609 21613 
line 658 :21615 21621 21628 21629 21636 21644 21648 21649 21655 21664 
line 659 :21669 21675 21680 21681 21682 21683 21686 21687 21690 21691 
line 660 :21691 21691 21693 21699 21700 21709 21710 21715 21716 21718 
line 661 :21720 21721 21721 21733 21736 21741 21743 21747 21752 21752 
line 662 :21755 21755 21758 21762 21768 21770 21775 21776 21777 21782 
line 663 :21782 21783 21789 21793 21797 21800 21806 21811 21818 21818 
line 664 :21821 21824 21824 21825 21826 21833 21843 21849 21855 21859 
line 665 :21864 21864 21868 21869 21871 21871 21877 21881 21885 21886 
line 666 :21893 21905 21905 21911 21914 21917 21918 21921 21922 21934 
line 667 :21934 21936 21942 21945 21946 21946 21948 21949 21951 21951 
line 668 :21953 21962 21963 21966 21968 21972 21976 21984 21989 21993 
line 669 :21993 21993 21994 21995 21998 22002 22006 22007 22009 22019 
line 670 :22019 22025 22033 22040 22046 22050 22051 22058 22059 22060 
line 671 :22066 22072 22074 22077 22078 22079 22086 22089 22090 22104 
line 672 :22109 22110 22119 22119 22126 22128 22128 22129 22130 22134 
line 673 :22135 22137 22139 22146 22160 22165 22170 22170 22172 22176 
line 674 :22186 22188 22193 22197 22197 22198 22199 22202 22203 22212 
line 675 :22213 22215 22216 22220 22230 22231 22233 22235 22235 22239 
line 676 :22241 22245 22249 22261 22263 22263 22264 22270 22274 22275 
line 677 :22277 22279 22282 22285 22287 22293 22294 22296 22298 22304 
line 678 :22309 22314 22316 22316 22318 22321 22322 22326 22329 22330 
line 679 :22330 22331 22332 22332 22335 22335 22343 22350 22352 22353 
line 680 :22365 22367 22369 22370 22371 22373 22375 22378 22381 22382 
line 681 :22383 22384 22388 22389 22391 22392 22397 22397 22397 22398 
line 682 :22399 22404 22407 22407 22408 22410 22413 22415 22416 22422 
line 683 :22423 22430 22432 22433 22437 22443 22446 22450 22453 22454 
line 684 :22464 22466 22468 22470 22470 22475 22476 22478 22479 22489 
line 685 :22492 22500 22501 22501 22515 22517 22519 22520 22525 22526 
line 686 :22527 22530 22533 22535 22537 22538 22541 22547 22549 22551 
line 687 :22553 22553 22554 22556 22557 22558 22559 22560 22561 22563 
line 688 :22565 22571 22576 22577 22582 22582 22582 22582 22585 22588 
line 689 :22591 22592 22594 22599 22602 22603 22605 22607 22607 22612 
line 690 :22614 22618 22619 22621 22625 22627 22636 22636 22638 22638 
line 691 :22642 22645 22646 22653 22660 22673 22675 22680 22684 22688 
line 692 :22691 22702 22705 22711 22725 22729 22730 22732 22737 22738 
line 693 :22742 22743 22745 22745 22752 22753 22756 22757 22760 22764 
line 694 :22764 22768 22772 22777 22779 22782 22783 22786 22789 22794 
line 695 :22795 22795 22804 22805 22811 22811 22814 22820 22823 22827 
line 696 :22828 22837 22844 22845 22848 22848 22852 22858 22866 22866 
line 697 :22867 22869 22870 22872 22874 22874 22878 22882 22894 22897 
line 698 :22897 22899 22899 22902 22904 22913 22919 22920 22922 22925 
line 699 :22927 22929 22933 22934 22937 22937 22942 22944 22944 22946 
line 700 :22947 22951 22958 22965 22973 22975 22980 22990 22992 23004 
line 701 :23009 23012 23012 23013 23015 23021 23022 23026 23029 23029 
line 702 :23030 23037 23038 23041 23045 23047 23047 23051 23051 23057 
line 703 :23060 23060 23064 23065 23066 23067 23068 23073 23073 23075 
line 704 :23089 23100 23101 23107 23108 23114 23114 23115 23120 23120 
line 705 :23121 23123 23128 23130 23132 23133 23144 23145 23147 23151 
line 706 :23160 23165 23181 23182 23186 23186 23188 23189 23191 23194 
line 707 :23194 23199 23200 23212 23216 23217 23218 23218 23224 23229 
line 708 :23231 23232 23234 23243 23247 23250 23253 23259 23260 23271 
line 709 :23273 23276 23276 23279 23279 23279 23279 23279 23280 23284 
line 710 :23288 23290 23292 23293 23296 23301 23302 23303 23307 23314 
line 711 :23321 23323 23326 23328 23329 23331 23332 23336 23338 23342 
line 712 :23344 23346 23346 23356 23357 23357 23357 23358 23361 23362 
line 713 :23363 23367 23367 23370 23372 23373 23377 23392 23395 23399 
line 714 :23399 23400 23403 23405 23408 23409 23419 23420 23424 23425 
line 715 :23427 23427 23429 23431 23433 23434 23437 23437 23438 23438 
line 716 :23440 23441 23448 23451 23451 23454 23456 23459 23463 23467 
line 717 :23473 23488 23489 23491 23495 23497 23499 23499 23503 23508 
line 718 :23509 23513 23514 23523 23530 23532 23532 23539 23545 23545 
line 719 :23546 23554 23555 23559 23560 23562 23565 23566 23566 23571 
line 720 :23578 23578 23579 23579 23587 23590 23590 23591 23592 23600 
line 721 :23600 23602 23611 23612 23618 23618 23618 23619 23627 23631 
line 722 :23632 23632 23633 23633 23652 23654 23655 23656 23656 23662 
line 723 :23662 23665 23665 23666 23666 23666 23667 23671 23674 23675 
line 724 :23676 23678 23683 23684 23685 23686 23687 23692 23693 23700 
line 725 :23703 23705 23708 23715 23716 23725 23728 23735 23737 23740 
line 726 :23741 23746 23748 23751 23766 23766 23768 23771 23773 23775 
line 727 :23788 23791 23797 23801 23804 23805 23808 23810 23825 23831 
line 728 :23831 23833 23833 23834 23839 23840 23841 23844 23850 23855 
line 729 :23863 23870 23876 23879 23905 23906 23910 23911 23912 23913 
line 730 :23915 23918 23919 23922 23927 23930 23931 23931 23933 23940 
line 731 :23943 23953 23956 23956 23956 23957 23958 23958 23960 23961 
line 732 :23962 23971 23973 23983 23985 23994 23997 24000 24000 24003 
line 733 :24004 24004 24009 24016 24021 24025 24027 24027 24039 24043 
line 734 :24045 24046 24053 24058 24058 24064 24068 24071 24074 24081 
line 735 :24085 24090 24102 24104 24104 24105 24108 24109 24110 24113 
line 736 :24117 24121 24126 24131 24133 24139 24139 24140 24141 24143 
line 737 :24144 24148 24155 24156 24160 24164 24164 24167 24170 24170 
line 738 :24178 24178 24181 24182 24186 24186 24190 24190 24194 24195 
line 739 :24198 24208 24211 24213 24217 24218 24219 24220 24221 24225 
line 740 :24226 24229 24234 24235 24237 24239 24242 24246 24251 24254 
line 741 :24256 24261 24268 24269 24271 24273 24277 24278 24281 24281 
line 742 :24283 24283 24284 24284 24287 24288 24291 24291 24292 24295 
line 743 :24300 24301 24309 24309 24309 24310 24310 24316 24319 24329 
line 744 :24329 24330 24331 24337 24342 24351 24357 24359 24359 24365 
line 745 :24369 24369 24371 24372 24374 24382 24386 24387 24389 24390 
line 746 :24394 24394 24396 24396 24399 24400 24402 24416 24420 24433 
line 747 :24433 24435 24448 24449 24454 24458 24462 24481 24486 24494 
line 748 :24495 24495 24498 24499 24501 24517 24523 24527 24528 24530 
line 749 :24530 24531 24532 24534 24538 24540 24541 24541 24542 24547 
line 750 :24553 24559 24563 24564 24564 24565 24569 24569 24577 24580 
line 751 :24580 24586 24590 24599 24599 24603 24605 24608 24615 24616 
line 752 :24619 24619 24623 24630 24632 24635 24639 24639 24639 24641 
line 753 :24643 24645 24646 24649 24649 24650 24656 24658 24660 24663 
line 754 :24665 24667 24667 24669 24670 24680 24680 24681 24692 24697 
line 755 :24698 24708 24711 24711 24717 24717 24722 24724 24728 24731 
line 756 :24735 24742 24744 24745 24746 24747 24751 24756 24758 24759 
line 757 :24762 24766 24772 24774 24775 24776 24778 24779 24780 24786 
line 758 :24787 24788 24792 24797 24798 24798 24799 24808 24816 24823 
line 759 :24827 24829 24833 24838 24842 24842 24843 24847 24848 24850 
line 760 :24851 24851 24853 24855 24858 24859 24860 24867 24869 24870 
line 761 :24871 24875 24877 24890 24892 24894 24895 24896 24897 24898 
line 762 :24899 24904 24911 24914 24916 24921 24930 24932 24932 24948 
line 763 :24958 24965 24965 24967 24969 24972 24979 24979 24982 24982 
line 764 :24983 24986 24986 24987 24987 24987 24991 25000 25000 25002 
line 765 :25003 25006 25009 25013 25015 25019 25024 25025 25031 25032 
line 766 :25033 25035 25036 25039 25039 25040 25041 25045 25047 25050 
line 767 :25051 25052 25057 25057 25059 25069 25072 25074 25075 25076 
line 768 :25083 25085 25091 25091 25102 25114 25114 25116 25122 25126 
line 769 :25128 25137 25140 25140 25145 25149 25152 25155 25155 25158 
line 770 :25158 25159 25161 25163 25165 25166 25172 25173 25175 25179 
line 771 :25186 25194 25196 25201 25210 25212 25216 25220 25221 25223 
line 772 :25226 25228 25229 25241 25241 25241 25241 25242 25242 25246 
line 773 :25246 25254 25260 25263 25264 25264 25265 25267 25270 25273 
line 774 :25278 25278 25281 25284 25285 25288 25288 25288 25288 25291 
line 775 :25295 25295 25296 25300 25301 25307 25308 25313 25319 25326 
line 776 :25331 25335 25337 25338 25341 25348 25348 25351 25353 25356 
line 777 :25358 25361 25361 25363 25365 25366 25367 25370 25372 25372 
line 778 :25372 25387 25391 25394 25407 25418 25418 25422 25422 25423 
line 779 :25430 25430 25436 25438 25442 25447 25450 25452 25454 25460 
line 780 :25463 25470 25471 25472 25474 25475 25476 25476 25478 25490 
line 781 :25493 25497 25498 25498 25499 25500 25504 25505 25505 25513 
line 782 :25513 25513 25516 25517 25521 25527 25535 25537 25545 25546 
line 783 :25547 25549 25550 25550 25553 25553 25557 25563 25567 25568 
line 784 :25569 25576 25578 25589 25592 25600 25615 25617 25619 25621 
line 785 :25626 25628 25631 25634 25635 25639 25639 25643 25644 25646 
line 786 :25648 25650 25654 25656 25662 25664 25667 25667 25668 25669 
line 787 :25674 25679 25681 25686 25695 25697 25701 25704 25710 25710 
line 788 :25710 25714 25714 25716 25722 25726 25727 25727 25729 25734 
line 789 :25738 25740 25743 25754 25756 25758 25758 25759 25760 25760 
line 790 :25762 25764 25770 25773 25780 25785 25786 25794 25796 25797 
line 791 :25797 25800 25803 25809 25811 25815 25815 25816 25818 25823 
line 792 :25829 25830 25834 25835 25835 25845 25847 25851 25852 25855 
line 793 :25859 25864 25867 25868 25873 25876 25885 25885 25886 25893 
line 794 :25895 25898 25903 25908 25914 25917 25918 25919 25921 25921 
line 795 :25922 25926 25930 25938 25946 25947 25954 25956 25957 25959 
line 796 :25963 25965 25966 25967 25973 25974 25975 25976 25979 25982 
line 797 :25983 25985 25987 25991 25991 25992 25999 26002 26003 26007 
line 798 :26013 26015 26019 26024 26027 26031 26032 26041 26041 26044 
line 799 :26045 26050 26053 26057 26057 26063 26063 26068 26070 26071 
line 800 :26082 26084 26084 26087 26094 26097 26098 26101 26110 26112 
line 801 :26114 26114 26114 26116 26121 26121 26123 26125 26125 26128 
line 802 :26131 26132 26135 26136 26139 26148 26148 26155 26157 26163 
line 803 :26165 26167 26171 26173 26174 26178 26183 26189 26190 26194 
line 804 :26194 26197 26207 26211 26218 26223 26228 26229 26229 26248 
line 805 :26257 26257 26259 26261 26265 26270 26273 26273 26277 26279 
line 806 :26279 26288 26291 26301 26301 26305 26308 26311 26311 26314 
line 807 :26314 26316 26322 26323 26327 26328 26329 26331 26341 26341 
line 808 :26343 26346 26347 26349 26349 26356 26357 26359 26359 26364 
line 809 :26366 26368 26368 26376 26378 26380 26382 26387 26387 26392 
line 810 :26398 26398 26399 26409 26411 26413 26415 26432 26433 26434 
line 811 :26449 26452 26457 26458 26462 26466 26479 26495 26497 26498 
line 812 :26507 26508 26509 26519 26520 26521 26521 26524 26524 26534 
line 813 :26539 26541 26541 26545 26546 26555 26555 26556 26558 26564 
line 814 :26565 26568 26568 26570 26581 26583 26583 26586 26591 26596 
line 815 :26596 26604 26605 26606 26607 26608 26615 26616 26618 26619 
line 816 :26619 26620 26622 26622 26627 26636 26638 26639 26641 26644 
line 817 :26658 26670 26671 26678 26686 26691 26695 26699 26700 26705 
line 818 :26705 26706 26714 26716 26717 26718 26727 26734 26734 26736 
line 819 :26736 26739 26741 26745 26746 26747 26747 26749 26751 26751 
line 820 :26755 26755 26756 26763 26767 26768 26770 26770 26774 26774 
line 821 :26778 26781 26792 26793 26797 26799 26800 26802 26803 26806 
line 822 :26807 26807 26811 26811 26813 26814 26816 26824 26828 26832 
line 823 :26832 26835 26842 26845 26852 26853 26855 26855 26857 26859 
line 824 :26862 26862 26865 26865 26868 26870 26872 26873 26882 26885 
line 825 :26893 26895 26896 26898 26901 26903 26905 26908 26919 26921 
line 826 :26926 26927 26934 26938 26944 26945 26946 26948 26949 26950 
line 827 :26954 26955 26956 26956 26958 26977 26978 26980 26985 26991 
line 828 :26993 26997 26999 26999 27000 27006 27012 27012 27017 27019 
line 829 :27024 27028 27029 27031 27034 27036 27042 27050 27051 27054 
line 830 :27055 27060 27070 27070 27071 27074 27075 27077 27080 27083 
line 831 :27086 27093 27098 27099 27106 27106 27108 27126 27134 27141 
line 832 :27149 27149 27153 27155 27156 27157 27158 27160 27161 27162 
line 833 :27162 27163 27163 27168 27174 27175 27177 27179 27183 27188 
line 834 :27190 27192 27196 27198 27199 27201 27208 27214 27216 27217 
line 835 :27222 27227 27229 27230 27234 27234 27235 27235 27236 27237 
line 836 :27242 27244 27244 27244 27244 27245 27263 27265 27274 27281 
line 837 :27281 27281 27285 27291 27294 27296 27298 27305 27307 27307 
line 838 :27308 27309 27309 27311 27313 27313 27315 27316 27316 27318 
line 839 :27319 27320 27320 27323 27326 27330 27334 27336 27337 27338 
line 840 :27340 27341 27341 27343 27343 27351 27359 27361 27367 27371 
line 841 :27373 27374 27374 27377 27377 27384 27384 27388 27390 27395 
line 842 :27396 27396 27398 27399 27401 27408 27410 27411 27413 27415 
line 843 :27422 27424 27426 27426 27427 27434 27439 27440 27444 27445 
line 844 :27446 27450 27450 27453 27462 27464 27471 27472 27477 27478 
line 845 :27479 27482 27483 27484 27486 27487 27492 27492 27494 27501 
line 846 :27505 27505 27506 27510 27511 27511 27512 27513 27514 27516 
line 847 :27521 27526 27528 27529 27532 27533 27535 27537 27537 27538 
line 848 :27538 27540 27544 27549 27550 27555 27564 27565 27565 27567 
line 849 :27571 27572 27577 27586 27587 27588 27593 27601 27606 27618 
line 850 :27621 27622 27636 27638 27646 27650 27653 27654 27657 27663 
line 851 :27664 27667 27669 27673 27674 27676 27678 27682 27686 27687 
line 852 :27690 27693 27693 27696 27699 27700 27701 27712 27716 27717 
line 853 :27717 27726 27727 27743 27744 27745 27745 27746 27748 27750 
line 854 :27756 27759 27762 27764 27766 27767 27773 27774 27774 27775 
line 855 :27780 27781 27782 27794 27797 27804 27806 27806 27809 27812 
line 856 :27815 27818 27825 27826 27829 27830 27831 27835 27841 27847 
line 857 :27848 27852 27854 27855 27855 27858 27860 27863 27863 27872 
line 858 :27887 27890 27903 27906 27913 27922 27924 27932 27937 27941 
line 859 :27943 27943 27955 27956 27957 27960 27963 27967 27976 27978 
line 860 :27980 27984 27985 27985 27987 27993 28001 28020 28027 28036 
line 861 :28038 28038 28040 28044 28046 28048 28053 28056 28058 28064 
line 862 :28068 28072 28078 28086 28086 28087 28088 28089 28089 28094 
line 863 :28095 28096 28101 28103 28104 28105 28106 28109 28121 28123 
line 864 :28126 28130 28130 28132 28135 28136 28139 28144 28144 28149 
line 865 :28150 28151 28156 28158 28162 28162 28165 28169 28170 28178 
line 866 :28179 28183 28183 28201 28203 28207 28212 28213 28214 28239 
line 867 :28240 28249 28254 28256 28256 28256 28263 28265 28267 28271 
line 868 :28275 28283 28288 28291 28296 28303 28308 28312 28313 28323 
line 869 :28324 28324 28330 28331 28336 28336 28338 28344 28345 28348 
line 870 :28359 28363 28364 28364 28367 28370 28373 28377 28384 28385 
line 871 :28390 28394 28410 28421 28426 28429 28432 28450 28452 28455 
line 872 :28455 28471 28476 28477 28479 28480 28488 28489 28492 28496 
line 873 :28499 28503 28506 28512 28516 28516 28519 28520 28526 28528 
line 874 :28528 28535 28539 28540 28544 28553 28558 28561 28561 28571 
line 875 :28573 28582 28584 28584 28586 28588 28589 28598 28598 28598 
line 876 :28601 28608 28609 28613 28614 28616 28618 28618 28621 28625 
line 877 :28625 28625 28626 28627 28629 28632 28633 28635 28640 28642 
line 878 :28645 28651 28652 28652 28653 28654 28659 28661 28664 28665 
line 879 :28667 28669 28672 28672 28678 28679 28682 28682 28689 28692 
line 880 :28694 28697 28697 28711 28711 28713 28718 28719 28722 28725 
line 881 :28726 28728 28742 28750 28751 28755 28756 28761 28769 28769 
line 882 :28776 28778 28782 28791 28793 28796 28796 28800 28805 28810 
line 883 :28822 28824 28828 28832 28835 28837 28849 28850 28852 28856 
line 884 :28856 28862 28863 28863 28865 28870 28870 28876 28878 28879 
line 885 :28881 28884 28884 28890 28892 28893 28895 28904 28906 28907 
line 886 :28912 28914 28914 28914 28916 28917 28918 28921 28924 28927 
line 887 :28930 28932 28941 28942 28943 28953 28964 28967 28968 28969 
line 888 :28970 28970 28977 28983 28985 28986 28987 28989 28996 29003 
line 889 :29007 29009 29010 29011 29012 29014 29022 29026 29027 29039 
line 890 :29049 29051 29052 29052 29053 29055 29059 29064 29067 29074 
line 891 :29074 29074 29079 29085 29088 29088 29098 29102 29103 29103 
line 892 :29104 29107 29110 29112 29114 29116 29118 29120 29121 29124 
line 893 :29132 29132 29135 29138 29140 29143 29143 29146 29150 29155 
line 894 :29156 29159 29184 29185 29193 29194 29195 29195 29200 29203 
line 895 :29211 29211 29211 29212 29216 29216 29222 29230 29238 29243 
line 896 :29249 29249 29254 29268 29272 29273 29276 29279 29281 29285 
line 897 :29285 29288 29291 29293 29299 29307 29315 29316 29319 29322 
line 898 :29323 29323 29324 29328 29330 29333 29334 29336 29337 29342 
line 899 :29342 29344 29347 29348 29351 29352 29355 29358 29370 29371 
line 900 :29373 29373 29375 29377 29379 29380 29383 29385 29387 29394 
line 901 :29394 29402 29403 29404 29406 29410 29414 29419 29422 29425 
line 902 :29427 29432 29439 29446 29453 29454 29456 29468 29469 29477 
line 903 :29485 29487 29490 29492 29497 29500 29503 29503 29509 29510 
line 904 :29515 29517 29527 29529 29533 29537 29538 29547 29555 29562 
line 905 :29566 29581 29581 29582 29583 29588 29588 29591 29593 29598 
line 906 :29601 29607 29608 29610 29613 29617 29617 29620 29621 29628 
line 907 :29632 29636 29639 29647 29647 29651 29662 29662 29665 29668 
line 908 :29672 29675 29676 29683 29684 29689 29694 29698 29700 29701 
line 909 :29701 29701 29708 29711 29716 29720 29722 29733 29734 29736 
line 910 :29738 29749 29754 29760 29761 29761 29764 29765 29766 29768 
line 911 :29772 29774 29783 29785 29788 29791 29794 29795 29797 29797 
line 912 :29797 29798 29798 29800 29808 29810 29811 29823 29823 29824 
line 913 :29836 29841 29842 29843 29849 29855 29861 29866 29876 29880 
line 914 :29884 29888 29889 29889 29893 29896 29902 29906 29910 29915 
line 915 :29919 29919 29921 29926 29927 29927 29930 29932 29934 29934 
line 916 :29938 29938 29939 29939 29940 29941 29948 29949 29950 29956 
line 917 :29957 29968 29968 29969 29975 29977 29980 29984 29993 29998 
line 918 :30001 30006 30021 30026 30028 30029 30042 30043 30044 30053 
line 919 :30056 30056 30057 30061 30062 30065 30071 30071 30072 30081 
line 920 :30083 30095 30096 30101 30104 30114 30116 30117 30124 30129 
line 921 :30130 30136 30141 30143 30152 30153 30154 30155 30161 30162 
line 922 :30163 30165 30165 30165 30168 30169 30171 30172 30174 30177 
line 923 :30177 30180 30181 30181 30185 30188 30192 30192 30193 30196 
line 924 :30197 30206 30206 30209 30210 30213 30217 30219 30220 30227 
line 925 :30230 30235 30243 30243 30249 30249 30250 30258 30259 30263 
line 926 :30264 30268 30270 30272 30274 30274 30286 30289 30290 30297 
line 927 :30297 30313 30320 30320 30321 30325 30327 30329 30340 30345 
line 928 :30347 30355 30359 30362 30363 30369 30370 30375 30378 30383 
line 929 :30384 30391 30403 30405 30407 30408 30411 30418 30423 30424 
line 930 :30427 30432 30441 30446 30455 30468 30469 30469 30470 30470 
line 931 :30476 30478 30480 30481 30484 30487 30497 30497 30504 30504 
line 932 :30508 30509 30509 30510 30514 30514 30516 30517 30521 30525 
line 933 :30528 30528 30532 30536 30537 30537 30537 30538 30542 30546 
line 934 :30549 30550 30554 30554 30558 30563 30572 30574 30576 30586 
line 935 :30586 30592 30597 30601 30603 30605 30606 30612 30615 30616 
line 936 :30618 30619 30628 30629 30640 30646 30648 30651 30652 30657 
line 937 :30658 30661 30662 30663 30665 30667 30671 30674 30674 30674 
line 938 :30686 30687 30702 30709 30709 30719 30720 30726 30729 30732 
line 939 :30734 30738 30743 30744 30746 30757 30758 30764 30766 30769 
line 940 :30771 30775 30780 30780 30782 30789 30793 30793 30796 30797 
line 941 :30798 30799 30800 30801 30807 30811 30815 30819 30829 30830 
line 942 :30842 30847 30847 30849 30852 30853 30854 30856 30861 30862 
line 943 :30867 30868 30869 30873 30874 30879 30880 30882 30889 30889 
line 944 :30893 30895 30895 30897 30901 30906 30907 30908 30911 30917 
line 945 :30919 30920 30926 30934 30934 30935 30938 30941 30942 30952 
line 946 :30953 30954 30956 30960 30961 30967 30973 30978 30979 30980 
line 947 :30987 30988 30989 30989 30991 30994 31008 31010 31010 31011 
line 948 :31015 31017 31020 31023 31024 31025 31027 31030 31031 31038 
line 949 :31039 31046 31048 31051 31058 31060 31065 31072 31078 31084 
line 950 :31092 31093 31095 31095 31098 31099 31111 31114 31126 31129 
line 951 :31140 31143 31146 31148 31149 31153 31154 31154 31156 31166 
line 952 :31171 31176 31177 31181 31185 31189 31191 31192 31197 31206 
line 953 :31213 31214 31221 31222 31225 31225 31228 31231 31231 31235 
line 954 :31239 31239 31246 31259 31262 31267 31272 31278 31280 31285 
line 955 :31290 31291 31296 31301 31302 31317 31318 31326 31328 31328 
line 956 :31333 31333 31336 31338 31340 31342 31343 31346 31346 31347 
line 957 :31348 31350 31351 31354 31355 31358 31361 31366 31370 31375 
line 958 :31376 31381 31381 31381 31382 31386 31390 31392 31397 31400 
line 959 :31403 31415 31417 31419 31421 31422 31423 31424 31427 31434 
line 960 :31434 31446 31447 31450 31451 31454 31455 31456 31458 31462 
line 961 :31462 31465 31466 31467 31481 31483 31484 31485 31486 31491 
line 962 :31493 31498 31502 31504 31511 31513 31513 31518 31518 31524 
line 963 :31524 31525 31527 31528 31529 31533 31534 31541 31543 31544 
line 964 :31546 31553 31560 31560 31562 31563 31581 31583 31584 31587 
line 965 :31588 31589 31598 31601 31601 31603 31605 31606 31607 31629 
line 966 :31630 31635 31635 31637 31645 31645 31648 31649 31650 31653 
line 967 :31654 31657 31675 31677 31680 31684 31687 31688 31693 31699 
line 968 :31700 31706 31712 31731 31732 31734 31735 31739 31747 31752 
line 969 :31754 31755 31755 31759 31764 31766 31767 31770 31773 31779 
line 970 :31783 31787 31788 31789 31790 31799 31805 31807 31813 31819 
line 971 :31821 31822 31826 31827 31830 31831 31831 31843 31857 31859 
line 972 :31869 31869 31874 31875 31883 31886 31888 31888 31893 31895 
line 973 :31903 31905 31906 31924 31928 31931 31933 31933 31944 31945 
line 974 :31945 31945 31947 31950 31950 31953 31959 31962 31964 31965 
line 975 :31965 31973 31975 31977 31979 31980 32005 32005 32006 32009 
line 976 :32009 32009 32010 32015 32018 32023 32026 32027 32031 32032 
line 977 :32033 32036 32039 32040 32041 32042 32045 32045 32047 32047 
line 978 :32052 32054 32056 32057 32060 32061 32061 32064 32068 32071 
line 979 :32077 32079 32080 32081 32088 32090 32096 32100 32100 32101 
line 980 :32111 32133 32141 32145 32147 32152 32153 32154 32157 32158 
line 981 :32158 32159 32160 32161 32168 32170 32171 32171 32171 32171 
line 982 :32177 32183 32185 32186 32188 32192 32212 32219 32226 32230 
line 983 :32236 32240 32241 32244 32246 32247 32249 32249 32254 32257 
line 984 :32258 32259 32260 32261 32262 32262 32263 32263 32267 32273 
line 985 :32275 32280 32282 32290 32295 32295 32302 32313 32316 32321 
line 986 :32322 32322 32330 32336 32336 32339 32345 32346 32350 32365 
line 987 :32369 32369 32370 32374 32374 32375 32376 32378 32379 32380 
line 988 :32380 32382 32383 32388 32388 32403 32403 32409 32413 32414 
line 989 :32416 32417 32417 32421 32429 32431 32431 32434 32446 32450 
line 990 :32452 32459 32459 32462 32466 32471 32475 32479 32480 32484 
line 991 :32486 32487 32487 32494 32501 32502 32502 32506 32510 32512 
line 992 :32512 32515 32519 32521 32522 32524 32524 32526 32532 32533 
line 993 :32534 32534 32536 32539 32541 32542 32543 32545 32547 32552 
line 994 :32552 32556 32559 32561 32562 32567 32568 32571 32573 32576 
line 995 :32580 32582 32585 32586 32589 32591 32595 32597 32601 32605 
line 996 :32607 32612 32612 32613 32618 32619 32621 32623 32626 32627 
line 997 :32628 32637 32641 32643 32646 32647 32655 32658 32668 32671 
line 998 :32675 32675 32679 32685 32687 32690 32694 32699 32700 32701 
line 999 :32703 32704 32705 32705 32705 32708 32711 32720 32731 32735 
line 1000:32737 32741 32743 32744 32745 32747 32752 32756 32759 32762 
